271828182845904523536028747135266249775724709369995957496696762772407663035354
759457138217852516642742746639193200305992181741359662904357290033429526059563
072731008532378052751063686487016953141865527484590824495504533928649764277413
664165964636632508736091584134397099983170353823380092116814655415374930542022
2461709321230949167763499311130703029256989342067643919136650384873578846610775
725576307921898867353790419412043377406494907073863079049248976437069836297366
862198429250767700214157406500293826954406871877954270969766247465243666295138
572019208303177269234097701656745392257779147341603684935723103304485761429026
633263529379734450400061311941647086898259755208734782937085387009434178080656
799728070459503917013351431243873005220184059659629058572148124084211850064775
039817941961218573369359733233622726060251817838892702513619492060782438693702
3374814484201715707221499854656151809995508987059685112005970217969141325866928
6602317310229797290687832208352244139159906185931458214703478815445166479832
5046262522680294449747348465327518061648320621808534750359139800448221992875
4115421760307308298093805920594877077289150276094679343039089600258059624590
1090903863567364545438437944570459218550946553360104699219626269410126910458
90340647723383513632617624742197059501772297495397551854979415896674068860108
7398443700914012801686726593427163552302821660247771908837094815869645205666
8815969321410949439503674072209706019571063864125657863462531390320535926139
8065461279426613181836499453900527608815525900579545890516959001648050702509
6403143330697134846164437723068270522333891693693343907700497785650966434405
2325996256928278405152469924949198823766952739854288105544527565986294752452
05693358119115333543019700716769864683030634526402994568932551341887981026382
2843693783432310455460084376713678585540041637300910512388440410273740721407
6089146349592070628050009074145432574228970773743592716838514050834569168569
4020069628069142977701272380383001974272807014909792386389979599361210460546
6132878158380106008513525733886057866008226873313592611944487920707602483719
175378078444093479419423995579464945674756628701559497832841333591914786214637
35603157123715972525235081340992882850434547504729694274009993485285212359739
17674488103383877169147599028815092782273697356447476531171632071581081270552
5598851856502807470004430053271066985202412593972634396001301781754281722806
99015701997418112250357373092905792348289915876331111795795255780918373793205
1269240357824595461131785114968639639991476102270714665227802289055681089509
0146736930196174130025404517196793385306069511899147940409256879369338070338
44117960210757341657750887635675554190855634632412343556830822523527371221710
5503387342646635300259679114329308264293528681728967169757966418436808935072
1853584011065482617985869437542874723693228725609077359083959083910914601426
14117072184462117369425231608550325954157093031897697899281462993247498822840
92401485466120845575841709241943040201506918613662787810741263281974371666516
330008170760884695890852048059030709279849861998603838516800211544530926982
11263222953723523749313973888100541833082146561100109711466796181542127994450
76235099916977658728501385580985438616207865146047255866541716806751679188638
59113108312166753578697511605452236122500023689152933590078679967211452212392
2290098658574120910961465211460661599806140981235585382519904891440442062925
925495112139384134252979654512252377847573748760543708287671195154844747383508
1601573510092133293063560544492520388015467416485377322694920822119530493637
1369428240434858154048599765296403148619908392124953147575475332405124625889
57121686955156360920651701645327408228490984014959122126619201970425151542106
73013640542646030186192840107095300278713215958912957724597357283841662968309
12210516806720757220478234957553878098197623884867165276206434004671154492769
7250480660380146624193025161061045950219756822986117002086519032370669831556
2314828872353526031083929446762905715191928824538549193915211069960080432370
33684427165463758461688160355511644363832742245956811161693438212701845186156
55761416101372838979107942215779375878684115441845526446284300286082840561456
5145085097678489064642723633070628029478321647090193520218183692763368807386
1858596938408033154128062810735163112651849784428507068524266997588412327010
9692644594407018059178367047739180941656620079419717122687690165757425276849
092593900829181546327673012278265309721072694711649587180103237308336037094
124718002747971763353021975270212394223029724655135470200873265326088010696
51682316957653741866561230702746577570979189592110672163958193180910193572622
40138979571594510928768813979234045832681877376433987660178768467826282141951
3568794428050748765941809093175009332292937037772747009321804115353182640653
1171780622593070127430035280400923998246278841349928607003107461709846780856
60256146171925487380730445091187515582011517793133710289833229203277586780250
9139516998337048606875794415220704398884922919940020129431383431469287267708
3681404480986230206993613730660473248727695273521560257818607833251900314636
1037460329769173708864378340410730989044302850521251156907880247563440669279
9182321051095812359725793718986048188974020453536240320581284657153065142529
12492042439476614866877083286718121151289143738010495191991475375329312502675
42902206790327004738901758137411520731783829875119152758426735040751711054714
1941923246974848693131873714706453440439743879138400949332358403482499509194
9842096735171845236053213985888923697150231999224724594151335488800213847246
91538470943183864703011070217387104702703139593543751554326649899326338571842
2582613915316926076702248679586655222978767959539102851890398902126342161697
9159330165276969103518713133047990903094329029249914628420541512490428251645
6746932746214616902647057490059256740212429170561779045681950630945431315218
4766472404736695193704209539728909985576721636243705276264090590830454379672
502679091492454257912086044133852067859002754311689904906392195537002710581
8216612975571073213954866373070339848665183771444369369480523976858199390808
6125130002701638160264500919161836188968056406647070513470493616674082416217
06481772590630197958443972272171843656472316231680270512046751129103103526136
5544408015102410339248492737018338624019133546654930438348313815488287286553
43791539697505176626178810067645315090761240203654377248976565316875366959861
3931146415608407893795807492175484372273231557705894548508328231662541302564
27171611575544774997441224243993883274759254403869584854298041515014362996853
2593601476977133327825679930040071754343452156177043925100909751088480877331
7082193696476465084182224449241071211734426403970652458158152697327028141431
5186959263778428980663510467346428841265110885224631075683457878504930178218
225174460500041466882994355935522278641033817469626394254500139506953702358
63111068710336036419928254963754755661181239993344592703865918454163813726481
523004938480329009196512667559683877825792199002609332773006030203819120544
7473075865273513891589520992388057333363975767184807782646421490529836209478
1696991729150079770978589433510054782303689081363960711565433419871905351687
34752631783851814430979644887878785718990707589067054658544435461194598811093
41473535982500945675748301178172162084714614189329196146949347030676397298772
332232445341105199525228932493624308607658460785332802038864362569780270279
2148665178441664055725072156401901023676418513333803139797562192289727683806
81261858779967914175349201748151716744913513256578568502951083358429780913639
5053727848617771983290354188250603562852158316159055091186345022334351945324
14452531774950581454159454767896926235849069644331189538317451035275870827121
298185800924354383038105151741805807889998458063104249533759109476263763294
9017938803529523129067651391537272995328629369956730072056740076487607846839
31338214106648455757216268590483893617111078110461552879534435611222664995665
9784035933910764838551152739021256100763830358119151783051993496819479915082
392479782967650501768646964257960281471100407585359604523309962347485350677
289284632970184431527197085081286106985690573223295367005888075920350341430
34360015717447329278150239175788794731286592663631604212679563569122828211951
0586536161249244064369095864500845511321589618532587572544297576556384231892
6441607600001517773056094180774786690888004129069593271289638606751911883864
4306238369851982856459515425563968332542495703882827336959908735218801381827
7514390458919247613316334001807369271619250148169382222374126875014028010303
3142186226903645789262051876342085012091447322173282103203638118464396858702
930558330391858010947310234962853502303569995878716757612530603333848540209
4782747364951007075237736181632922607373937890256246832186567543964696045242
7148754101498994468898956060485426243616680157799303275578481736989107749824
70738334470245233484311989072122254971558825789527474764575763565558605790976
9165036383994176295514220082474314305216853172774430602210206147858651829252
4335664928405241205101395006669723427516698744021233815406010137407923958491
342930373595709530010609740899961898712955216954476343410258194640698989420
3050328794275681342976086330639372160824427910284180259614219885424355337261
9756728839042776695026783656807516269448233053600297161311517954960480081510
103759243696856094894001139222873705396028826060269848058131712469307843008
61945457601943691625162492400802152241873307859151281377890962735078347713297
94749868587559773372475556238112674596550231901852686726565447277424962024757
9753164331835977166382242200301837076942301952858848502901552674537404631697
7964904657195931255912764404368321965951006839312721523813963827559536872525
9255663498774450204128408552760135665311196585057294907726531374828285017666
9079493575681332107268805108427749201049594207542083964439885861615931834645
965491121494647577006591807761793166616453673095582354711565411724127405791276
4935942066671832251736836733963627188213305106330064328648272252338925308465
30211236426964803883363073178869980611993731052155742778573936345107647011533
450683469883317339446680597758269980660569964529693684365470406533604545189
6856420175232112318731261169525302795582438878696844145909635734913232


